t	x	y	z
0.1	0.01	0.00001	9.501
0.2	0.02999	0.00005	9.003
0.3	0.05998	0.00014	8.506
0.4	0.09993	0.0003	8.01
0.5	0.14985	0.00055	7.515
0.6	0.20971	0.00091	7.021
0.7	0.27948	0.0014	6.528
0.8	0.35914	0.00204	6.036
0.9	0.44865	0.00285	5.545
1	0.54799	0.00385	5.055
1.1	0.6571	0.00505	4.566
1.2	0.77595	0.00649	4.078
1.3	0.90449	0.00818	3.591
1.4	1.04267	0.01013	3.105
1.5	1.19043	0.01237	2.62
1.6	1.34771	0.01492	2.136
1.7	1.51446	0.0178	1.653
1.8	1.69059	0.02102	1.171
1.9	1.87606	0.02461	0.69
2	2.07076	0.02858	0.21
2.1	2.27464	0.03296	-0.269
2.2	2.48761	0.03776	-0.747
2.3	2.70959	0.043	-1.224
2.4	2.94048	0.04871	-1.7
2.5	3.18019	0.05489	-2.175
2.6	3.42863	0.06158	-2.649
2.7	3.6857	0.06878	-3.122
2.8	3.95129	0.07652	-3.594
2.9	4.2253	0.08481	-4.065
3	4.50762	0.09367	-4.535
3.1	4.79814	0.10313	-5.004
3.2	5.09674	0.1132	-5.472
3.3	5.4033	0.12389	-5.939
3.4	5.71769	0.13523	-6.405
3.5	6.0398	0.14723	-6.87
3.6	6.3695	0.15991	-7.334
3.7	6.70664	0.17329	-7.797
3.8	7.0511	0.18739	-8.259
3.9	7.40274	0.20221	-8.72
4	7.76142	0.21779	-9.18
4.1	8.12699	0.23413	-9.639
4.2	8.49931	0.25126	-10.097
4.3	8.87823	0.26919	-10.554
4.4	9.2636	0.28793	-11.01
4.5	9.65527	0.3075	-11.465
4.6	10.05307	0.32792	-11.919
4.7	10.45685	0.34921	-12.372
4.8	10.86644	0.37137	-12.824
4.9	11.28169	0.39443	-13.275
5	11.70243	0.4184	-13.725
5.1	12.12848	0.4433	-14.174
5.2	12.55968	0.46914	-14.622
5.3	12.99586	0.49593	-15.069
5.4	13.43684	0.5237	-15.515
5.5	13.88244	0.55244	-15.96
5.6	14.33249	0.58219	-16.404
5.7	14.78681	0.61295	-16.847
5.8	15.24521	0.64473	-17.289
5.9	15.70751	0.67756	-17.73
6	16.17353	0.71144	-18.17
6.1	16.64308	0.74638	-18.609
6.2	17.11597	0.78241	-19.047
6.3	17.59202	0.81952	-19.484
6.4	18.07103	0.85774	-19.92
6.5	18.55281	0.89708	-20.355
6.6	19.03716	0.93755	-20.789
6.7	19.52391	0.97915	-21.222
6.8	20.01284	1.02191	-21.654
6.9	20.50377	1.06583	-22.085
7	20.99649	1.11093	-22.515
7.1	21.49082	1.15721	-22.944
7.2	21.98655	1.20468	-23.372
7.3	22.48348	1.25336	-23.799
7.4	22.98142	1.30326	-24.225
7.5	23.48017	1.35438	-24.65
7.6	23.97952	1.40674	-25.074
7.7	24.47929	1.46034	-25.497
7.79999	24.97926	1.5152	-25.919
7.89999	25.47924	1.57132	-26.34
7.99999	25.97902	1.62871	-26.76
8.09999	26.47842	1.68737	-27.179
8.2	26.97722	1.74733	-27.597
8.3	27.47523	1.80858	-28.014
8.4	27.97226	1.87113	-28.43
8.5	28.46809	1.93498	-28.845
8.6	28.96253	2.00016	-29.259
8.7	29.45539	2.06666	-29.672
8.8	29.94647	2.13448	-30.084
8.9	30.43557	2.20364	-30.495
9	30.92249	2.27414	-30.905
9.1	31.40705	2.34598	-31.314
9.2	31.88904	2.41918	-31.722
9.3	32.36827	2.49373	-32.12901
9.4	32.84456	2.56964	-32.535
9.5	33.31771	2.64691	-32.94
9.6	33.78753	2.72556	-33.344
9.7	34.25384	2.80557	-33.747
9.8	34.71644	2.88696	-34.149
9.9	35.17516	2.96973	-34.55
10	35.62981	3.05387	-34.95
10.1	36.0802	3.1394	-35.349
10.2	36.52617	3.22632	-35.747
10.3	36.96752	3.31462	-36.144
10.4	37.40409	3.40431	-36.54
10.5	37.83569	3.49539	-36.935
10.6	38.26217	3.58786	-37.329
10.7	38.68333	3.68172	-37.722
10.8	39.09902	3.77697	-38.114
10.90001	39.50908	3.87361	-38.505
11.00001	39.91332	3.97165	-38.895
11.10001	40.3116	4.07107	-39.284
11.20001	40.70376	4.17188	-39.672
11.30001	41.08964	4.27408	-40.059
11.40001	41.46908	4.37766	-40.445
11.50001	41.84193	4.48263	-40.83
11.60001	42.20805	4.58898	-41.214
11.70001	42.56728	4.69671	-41.597
11.80001	42.91948	4.80581	-41.979
11.90001	43.26451	4.91629	-42.36
12.00001	43.60225	5.02813	-42.74
12.10001	43.93253	5.14134	-43.119
12.20001	44.25525	5.25591	-43.497
12.30001	44.57026	5.37184	-43.874
12.40001	44.87745	5.48912	-44.25
12.50001	45.17669	5.60774	-44.625
12.60001	45.46785	5.72771	-44.999
12.70001	45.75083	5.849	-45.372
12.80001	46.02551	5.97163	-45.744
12.90001	46.29177	6.09558	-46.115
13.00001	46.54952	6.22084	-46.485
13.10001	46.79865	6.34741	-46.854
13.20001	47.03906	6.47528	-47.222
13.30001	47.27065	6.60444	-47.589
13.40001	47.49334	6.73489	-47.955
13.50002	47.70703	6.86661	-48.32
13.60002	47.91163	6.9996	-48.684
13.70002	48.10707	7.13385	-49.047
13.80002	48.29327	7.26935	-49.409
13.90002	48.47015	7.40608	-49.77
14.00002	48.63765	7.54404	-50.13
14.10002	48.79568	7.68323	-50.489
14.20002	48.9442	7.82362	-50.847
14.30002	49.08315	7.9652	-51.204
14.40002	49.21245	8.10797	-51.56
14.50002	49.33207	8.25191	-51.915
14.60002	49.44196	8.39702	-52.269
14.70002	49.54208	8.54327	-52.622
14.80002	49.63237	8.69066	-52.974
14.90002	49.71282	8.83918	-53.325
15.00002	49.78337	8.9888	-53.675
15.10002	49.84402	9.13952	-54.02399
15.20002	49.89473	9.29133	-54.37199
15.30002	49.93547	9.4442	-54.71899
15.40002	49.96625	9.59813	-55.06499
15.50002	49.98703	9.75309	-55.41
15.60002	49.99783	9.90909	-55.75399
15.70002	49.99862	10.06609	-56.09699
15.80002	49.98941	10.22408	-56.43899
15.90002	49.97021	10.38305	-56.77999
16.00002	49.94102	10.54298	-57.11999
16.10003	49.90186	10.70386	-57.45899
16.20003	49.85273	10.86566	-57.79699
16.30003	49.79366	11.02838	-58.13399
16.40003	49.72468	11.19199	-58.46999
16.50003	49.6458	11.35647	-58.80499
16.60003	49.55707	11.52181	-59.13899
16.70003	49.45851	11.68799	-59.47199
16.80003	49.35017	11.85499	-59.80399
16.90003	49.23209	12.02279	-60.13499
17.00003	49.10432	12.19137	-60.46499
17.10003	48.9669	12.36072	-60.79399
17.20003	48.8199	12.53081	-61.12199
17.30003	48.66337	12.70162	-61.44899
17.40003	48.49737	12.87314	-61.77499
17.50003	48.32198	13.04533	-62.09999
17.60003	48.13725	13.21819	-62.42399
17.70003	47.94328	13.39169	-62.74699
17.80003	47.74012	13.56581	-63.06898
17.90003	47.52787	13.74053	-63.38998
18.00003	47.3066	13.91582	-63.70998
18.10003	47.07642	14.09167	-64.02898
18.20003	46.8374	14.26805	-64.34698
18.30003	46.58965	14.44493	-64.66399
18.40003	46.33326	14.6223	-64.97999
18.50003	46.06834	14.80014	-65.29499
18.60003	45.79499	14.97842	-65.60899
18.70004	45.51332	15.15711	-65.92199
18.80004	45.22345	15.33619	-66.23399
18.90004	44.92549	15.51565	-66.54498
19.00004	44.61956	15.69544	-66.85498
19.10004	44.30578	15.87556	-67.16398
19.20004	43.98428	16.05597	-67.47198
19.30004	43.65518	16.23666	-67.77898
19.40004	43.31862	16.41758	-68.08498
19.50004	42.97474	16.59873	-68.38998
19.60004	42.62366	16.78007	-68.69398
19.70004	42.26554	16.96158	-68.99698
19.80004	41.90051	17.14323	-69.29898
19.90004	41.52871	17.325	-69.59998
20.00004	41.15031	17.50686	-69.89999
20.10004	40.76545	17.68879	-70.19898
20.20004	40.37428	17.87075	-70.49698
20.30004	39.97696	18.05272	-70.79398
20.40004	39.57364	18.23467	-71.08997
20.50004	39.1645	18.41658	-71.38497
20.60004	38.74969	18.59842	-71.67897
20.70004	38.32939	18.78016	-71.97197
20.80004	37.90375	18.96177	-72.26397
20.90004	37.47295	19.14322	-72.55497
21.00004	37.03716	19.3245	-72.84497
21.10004	36.59655	19.50556	-73.13397
21.20004	36.15131	19.68638	-73.42197
21.30005	35.7016	19.86694	-73.70898
21.40005	35.24762	20.0472	-73.99498
21.50005	34.78953	20.22713	-74.27998
21.60005	34.32753	20.40671	-74.56397
21.70005	33.8618	20.58591	-74.84697
21.80005	33.39252	20.76469	-75.12897
21.90005	32.91989	20.94303	-75.40997
22.00005	32.44408	21.1209	-75.68996
22.10005	31.9653	21.29827	-75.96896
22.20005	31.48374	21.4751	-76.24696
22.30005	30.99957	21.65138	-76.52396
22.40005	30.51301	21.82707	-76.79996
22.50005	30.02425	22.00213	-77.07497
22.60005	29.53347	22.17655	-77.34897
22.70005	29.04088	22.35028	-77.62197
22.80005	28.54668	22.52331	-77.89397
22.90005	28.05105	22.69559	-78.16497
23.00005	27.55421	22.8671	-78.43497
23.10005	27.05634	23.03781	-78.70396
23.20005	26.55765	23.20769	-78.97196
23.30005	26.05833	23.37671	-79.23896
23.40005	25.5586	23.54482	-79.50496
23.50005	25.05863	23.71202	-79.76996
23.60005	24.55865	23.87826	-80.03396
23.70005	24.05884	24.04352	-80.29696
23.80005	23.55941	24.20775	-80.55896
23.90005	23.06055	24.37094	-80.81996
24.00006	22.56247	24.53305	-81.07996
24.10006	22.06536	24.69406	-81.33897
24.20006	21.56943	24.85392	-81.59697
24.30006	21.07487	25.0126	-81.85397
24.40006	20.58187	25.17009	-82.10996
24.50006	20.09065	25.32634	-82.36496
24.60006	19.60139	25.48133	-82.61896
24.70006	19.11428	25.63502	-82.87196
24.80006	18.62954	25.78738	-83.12395
24.90006	18.14734	25.93839	-83.37495
25.00006	17.66788	26.08801	-83.62495
25.10006	17.19135	26.23621	-83.87395
25.20006	16.71794	26.38295	-84.12196
25.30006	16.24785	26.52822	-84.36896
25.40006	15.78126	26.67197	-84.61496
25.50006	15.31835	26.81418	-84.85996
25.60006	14.85932	26.95481	-85.10396
25.70006	14.40434	27.09384	-85.34695
25.80006	13.9536	27.23123	-85.58895
25.90006	13.50728	27.36696	-85.82995
26.00006	13.06556	27.50099	-86.06995
26.10006	12.62861	27.63329	-86.30894
26.20006	12.1966	27.76383	-86.54694
26.30006	11.76972	27.89259	-86.78394
26.40006	11.34813	28.01952	-87.01994
26.50006	10.932	28.14461	-87.25494
26.60007	10.5215	28.26782	-87.48895
26.70007	10.11679	28.38912	-87.72195
26.80007	9.71803	28.50848	-87.95395
26.90007	9.32538	28.62587	-88.18495
27.00007	8.939	28.74126	-88.41495
27.10007	8.55904	28.85462	-88.64394
27.20007	8.18567	28.96593	-88.87194
27.30007	7.81901	29.07514	-89.09894
27.40007	7.45923	29.18224	-89.32494
27.50007	7.10647	29.2872	-89.54993
27.60007	6.76086	29.38998	-89.77393
27.70007	6.42255	29.49056	-89.99693
27.80007	6.09166	29.5889	-90.21893
27.90007	5.76834	29.68499	-90.43993
28.00007	5.45272	29.77878	-90.65993
28.10007	5.14491	29.87026	-90.87894
28.20007	4.84504	29.95939	-91.09694
28.30007	4.55323	30.04615	-91.31394
28.40007	4.2696	30.13051	-91.52994
28.50007	3.99427	30.21244	-91.74493
28.60007	3.72733	30.29191	-91.95893
28.70007	3.46891	30.3689	-92.17193
28.80007	3.21909	30.44338	-92.38393
28.90007	2.97799	30.51533	-92.59492
29.00007	2.74569	30.58471	-92.80492
29.10007	2.5223	30.6515	-93.01392
29.20008	2.3079	30.71567	-93.22192
29.30008	2.10257	30.77721	-93.42892
29.40008	1.9064	30.83607	-93.63493
29.50008	1.71947	30.89225	-93.83993
29.60008	1.54185	30.9457	-94.04393
29.70008	1.37362	30.99641	-94.24693
29.80008	1.21483	31.04436	-94.44893
29.90008	1.06556	31.08951	-94.64993
30.00008	0.92586	31.13184	-94.84992
30.10008	0.79578	31.17133	-95.04892
30.20008	0.67539	31.20796	-95.24692
30.30008	0.56473	31.2417	-95.44392
30.40008	0.46385	31.27253	-95.63992
30.50008	0.37277	31.30043	-95.83492
30.60008	0.29155	31.32536	-96.02892
30.70008	0.22021	31.34732	-96.22192
30.80008	0.15878	31.36628	-96.41392
30.90008	0.10729	31.38221	-96.60492
31.00008	0.06575	31.3951	-96.79492
31.10008	0.03419	31.40492	-96.98392
31.20008	0.01261	31.41165	-97.17191
31.30008	0.00103	31.41528	-97.35891
31.40008	-0.00056	31.41577	-97.54491
31.50008	0.00786	31.41312	-97.7299
31.60008	0.02627	31.4073	-97.9139
31.70008	0.05467	31.3983	-98.0969
31.80009	0.09305	31.38608	-98.2789
31.90009	0.14139	31.37065	-98.4599
32.00008	0.19967	31.35196	-98.6399
32.10008	0.26787	31.33002	-98.8189
32.20008	0.34597	31.30479	-98.9969
32.30008	0.43392	31.27627	-99.1739
32.40008	0.53171	31.24444	-99.34991
32.50008	0.63927	31.20927	-99.5249
32.60007	0.75658	31.17076	-99.6989
32.70007	0.88359	31.12888	-99.87189
32.80007	1.02024	31.08363	-100.04389
32.90007	1.16649	31.03498	-100.21489
33.00007	1.32227	30.98292	-100.38489
33.10007	1.48751	30.92744	-100.55389
33.20007	1.66217	30.86852	-100.72189
33.30006	1.84615	30.80614	-100.88889
33.40006	2.0394	30.74031	-101.05489
33.50006	2.24183	30.67099	-101.21989
33.60006	2.45336	30.59819	-101.38389
33.70006	2.67391	30.52188	-101.54689
33.80006	2.9034	30.44206	-101.70889
33.90005	3.14171	30.35871	-101.8699
34.00005	3.38878	30.27182	-102.02989
34.10005	3.64448	30.18139	-102.18889
34.20005	3.90873	30.0874	-102.34689
34.30005	4.18141	29.98984	-102.50388
34.40005	4.46242	29.8887	-102.65988
34.50005	4.75164	29.78398	-102.81488
34.60004	5.04896	29.67566	-102.96888
34.70004	5.35427	29.56374	-103.12188
34.80004	5.66743	29.44821	-103.27388
34.90004	5.98832	29.32906	-103.42488
35.00004	6.31681	29.20628	-103.57488
35.10004	6.65278	29.07987	-103.72388
35.20004	6.99609	28.94983	-103.87189
35.30003	7.3466	28.81614	-104.01889
35.40003	7.70417	28.6788	-104.16489
35.50003	8.06865	28.53782	-104.30988
35.60003	8.43991	28.39317	-104.45388
35.70003	8.81779	28.24486	-104.59688
35.80003	9.20215	28.09289	-104.73888
35.90002	9.59282	27.93725	-104.87988
36.00002	9.98966	27.77794	-105.01987
36.10002	10.3925	27.61497	-105.15887
36.20002	10.80118	27.44831	-105.29688
36.30002	11.21554	27.27798	-105.43388
36.40002	11.63541	27.10398	-105.56988
36.50002	12.06063	26.92631	-105.70488
36.60001	12.49103	26.74495	-105.83888
36.70001	12.92642	26.55993	-105.97189
36.80001	13.36665	26.37123	-106.10388
36.90001	13.81153	26.17886	-106.23488
37.00001	14.26088	25.98282	-106.36488
37.10001	14.71453	25.78311	-106.49387
37.2	15.1723	25.57974	-106.62187
37.3	15.63399	25.37271	-106.74887
37.4	16.09943	25.16203	-106.87487
37.5	16.56843	24.94769	-106.99987
37.6	17.0408	24.72971	-107.12387
37.7	17.51636	24.50809	-107.24687
37.8	17.99491	24.28283	-107.36887
37.89999	18.47626	24.05395	-107.48988
37.99999	18.96021	23.82144	-107.60988
38.09999	19.44659	23.58532	-107.72888
38.19999	19.93519	23.3456	-107.84689
38.29999	20.42581	23.10228	-107.96388
38.39999	20.91826	22.85537	-108.07988
38.49998	21.41234	22.60488	-108.19488
38.59998	21.90786	22.35082	-108.30888
38.69998	22.40462	22.0932	-108.42188
38.79998	22.90241	21.83203	-108.53387
38.89998	23.40104	21.56733	-108.64487
38.99998	23.90031	21.2991	-108.75488
39.09998	24.40003	21.02736	-108.86388
39.19997	24.89998	20.75212	-108.97188
39.29997	25.39997	20.47339	-109.07888
39.39997	25.8998	20.19119	-109.18488
39.49997	26.39927	19.90554	-109.28989
39.59997	26.89818	19.61643	-109.39389
39.69997	27.39633	19.3239	-109.49689
39.79996	27.89352	19.02796	-109.59888
39.89996	28.38956	18.72862	-109.69988
39.99996	28.88424	18.4259	-109.79988
40.09996	29.37737	18.11982	-109.89888
40.19996	29.86874	17.81039	-109.99688
40.29996	30.35817	17.49764	-110.09388
40.39996	30.84545	17.18158	-110.18988
40.49995	31.3304	16.86222	-110.28488
40.59995	31.81281	16.5396	-110.37888
40.69995	32.2925	16.21373	-110.47189
40.79995	32.76927	15.88463	-110.56389
40.89995	33.24294	15.55233	-110.65489
40.99995	33.7133	15.21684	-110.7449
41.09995	34.18018	14.87818	-110.83389
41.19994	34.64339	14.53638	-110.92189
41.29994	35.10275	14.19147	-111.00889
41.39994	35.55806	13.84346	-111.09489
41.49994	36.00915	13.49238	-111.17989
41.59994	36.45583	13.13825	-111.26389
41.69994	36.89794	12.7811	-111.34689
41.79993	37.33528	12.42096	-111.42889
41.89993	37.76769	12.05784	-111.50989
41.99993	38.195	11.69178	-111.58989
42.09993	38.61702	11.3228	-111.66889
42.19993	39.0336	10.95094	-111.74689
42.29993	39.44456	10.57621	-111.8239
42.39993	39.84975	10.19864	-111.8999
42.49992	40.249	9.81827	-111.9749
42.59992	40.64215	9.43513	-112.0489
42.69992	41.02905	9.04924	-112.12189
42.79992	41.40953	8.66063	-112.19389
42.89992	41.78344	8.26934	-112.26489
42.99992	42.15065	7.87539	-112.33489
43.09991	42.51099	7.47882	-112.40389
43.19991	42.86433	7.07965	-112.47189
43.29991	43.21053	6.67793	-112.53889
43.39991	43.54943	6.27367	-112.6049
43.49991	43.88093	5.86693	-112.6699
43.59991	44.20487	5.45772	-112.7339
43.69991	44.52113	5.04609	-112.79691
43.7999	44.82957	4.63207	-112.85891
43.8999	45.13009	4.21569	-112.91991
43.9999	45.42256	3.79698	-112.97991
44.0999	45.70686	3.37599	-113.03891
44.1999	45.98287	2.95276	-113.09691
44.2999	46.2505	2.5273	-113.15391
44.39989	46.50962	2.09968	-113.20991
44.49989	46.76014	1.66991	-113.26491
44.59989	47.00196	1.23804	-113.31891
44.69989	47.23497	0.80411	-113.37191
44.79989	47.4591	0.36816	-113.42391
44.89989	47.67423	-0.06978	-113.47491
44.99989	47.8803	-0.50967	-113.52492
45.09988	48.07722	-0.95146	-113.57392
45.19988	48.26491	-1.39512	-113.62193
45.29988	48.44329	-1.84061	-113.66893
45.39988	48.6123	-2.28787	-113.71493
45.49988	48.77186	-2.73689	-113.75993
45.59988	48.92191	-3.1876	-113.80392
45.69987	49.06239	-3.63997	-113.84692
45.79987	49.19325	-4.09396	-113.88892
45.89987	49.31443	-4.54953	-113.92992
45.99987	49.42589	-5.00662	-113.96992
46.09987	49.52758	-5.46521	-114.00893
46.19987	49.61946	-5.92523	-114.04693
46.29987	49.70149	-6.38666	-114.08393
46.39986	49.77364	-6.84945	-114.11993
46.49986	49.83588	-7.31354	-114.15494
46.59986	49.88819	-7.7789	-114.18894
46.69986	49.93054	-8.24548	-114.22195
46.79986	49.96292	-8.71323	-114.25394
46.89986	49.98531	-9.18211	-114.28494
46.99986	49.99771	-9.65207	-114.31494
47.09985	50.00012	-10.12307	-114.34394
47.19985	49.99252	-10.59505	-114.37194
47.29985	49.97493	-11.06798	-114.39894
47.39985	49.94735	-11.5418	-114.42494
47.49985	49.90979	-12.01646	-114.44994
47.59985	49.86227	-12.49192	-114.47395
47.69984	49.8048	-12.96813	-114.49695
47.79984	49.73741	-13.44503	-114.51895
47.89984	49.66012	-13.92259	-114.53996
47.99984	49.57298	-14.40075	-114.55996
48.09984	49.476	-14.87946	-114.57896
48.19984	49.36923	-15.35867	-114.59697
48.29984	49.25272	-15.83833	-114.61397
48.39983	49.12651	-16.3184	-114.62997
48.49983	48.99064	-16.79881	-114.64497
48.59983	48.84518	-17.27953	-114.65897
48.69983	48.69019	-17.76049	-114.67197
48.79983	48.52571	-18.24165	-114.68397
48.89983	48.35183	-18.72296	-114.69497
48.99982	48.16861	-19.20436	-114.70497
49.09982	47.97612	-19.6858	-114.71397
49.19982	47.77444	-20.16724	-114.72198
49.29982	47.56365	-20.64861	-114.72898
49.39982	47.34383	-21.12987	-114.73499
49.49982	47.11508	-21.61096	-114.73999
49.59982	46.87748	-22.09184	-114.744
49.69981	46.63113	-22.57244	-114.74699
49.79981	46.37613	-23.05271	-114.74899
49.89981	46.11258	-23.5326	-114.74999
49.99981	45.84059	-24.01207	-114.74999
50.09981	45.56026	-24.49104	-114.74899
50.19981	45.2717	-24.96948	-114.74699
50.2998	44.97504	-25.44732	-114.744
50.3998	44.67039	-25.92452	-114.74
50.4998	44.35787	-26.40101	-114.735
50.5998	44.03761	-26.87675	-114.729
50.6998	43.70973	-27.35168	-114.72201
50.7998	43.37437	-27.82574	-114.71401
50.8998	43.03166	-28.29888	-114.70502
50.99979	42.68174	-28.77105	-114.69502
51.09979	42.32474	-29.24219	-114.68402
51.19979	41.96082	-29.71224	-114.67202
51.29979	41.59011	-30.18116	-114.65902
51.39979	41.21276	-30.64888	-114.64502
51.49979	40.82893	-31.11535	-114.63002
51.59978	40.43877	-31.58052	-114.61402
51.69978	40.04243	-32.04433	-114.59702
51.79978	39.64008	-32.50673	-114.57903
51.89978	39.23188	-32.96765	-114.56003
51.99978	38.81797	-33.42705	-114.54003
52.09978	38.39855	-33.88487	-114.51904
52.19978	37.97376	-34.34106	-114.49704
52.29977	37.54379	-34.79555	-114.47404
52.39977	37.10879	-35.2483	-114.45005
52.49977	36.66895	-35.69924	-114.42505
52.59977	36.22445	-36.14833	-114.39905
52.69977	35.77546	-36.5955	-114.37205
52.79977	35.32215	-37.04071	-114.34405
52.89977	34.86472	-37.4839	-114.31505
52.99976	34.40334	-37.925	-114.28505
53.09976	33.9382	-38.36398	-114.25405
53.19976	33.46948	-38.80076	-114.22205
53.29976	32.99738	-39.2353	-114.18906
53.39976	32.52208	-39.66755	-114.15506
53.49976	32.04377	-40.09743	-114.12006
53.59975	31.56264	-40.52491	-114.08407
53.69975	31.07889	-40.94993	-114.04707
53.79975	30.5927	-41.37243	-114.00908
53.89975	30.10428	-41.79236	-113.97009
53.99975	29.61382	-42.20966	-113.93008
54.09975	29.12151	-42.62428	-113.88908
54.19975	28.62755	-43.03616	-113.84708
54.29974	28.13214	-43.44525	-113.80408
54.39974	27.63548	-43.8515	-113.76009
54.49974	27.13776	-44.25485	-113.71509
54.59974	26.63919	-44.65525	-113.66909
54.69974	26.13997	-45.05264	-113.62209
54.79974	25.64028	-45.44697	-113.5741
54.89973	25.14034	-45.83819	-113.5251
54.99973	24.64035	-46.22625	-113.47511
55.09973	24.1405	-46.61108	-113.42411
55.19973	23.64099	-46.99265	-113.37212
55.29973	23.14202	-47.37089	-113.31912
55.39973	22.6438	-47.74576	-113.26512
55.49973	22.14652	-48.1172	-113.21012
55.59972	21.65038	-48.48515	-113.15412
55.69972	21.15559	-48.84958	-113.09712
55.79972	20.66232	-49.21042	-113.03912
55.89972	20.1708	-49.56762	-112.98013
55.99972	19.6812	-49.92114	-112.92013
56.09972	19.19374	-50.27092	-112.85913
56.19971	18.70859	-50.61692	-112.79713
56.29971	18.22596	-50.95907	-112.73414
56.39971	17.74604	-51.29734	-112.67014
56.49971	17.26903	-51.63167	-112.60515
56.59971	16.7951	-51.96202	-112.53915
56.69971	16.32446	-52.28832	-112.47216
56.79971	15.85728	-52.61054	-112.40416
56.8997	15.39376	-52.92863	-112.33516
56.9997	14.93409	-53.24253	-112.26516
57.0997	14.47844	-53.5522	-112.19416
57.1997	14.02699	-53.8576	-112.12216
57.2997	13.57994	-54.15866	-112.04916
57.3997	13.13746	-54.45536	-111.97517
57.49969	12.69971	-54.74763	-111.90017
57.59969	12.26689	-55.03544	-111.82417
57.69969	11.83916	-55.31874	-111.74718
57.79969	11.4167	-55.59747	-111.66918
57.89969	10.99967	-55.8716	-111.59019
57.99969	10.58824	-56.14109	-111.51019
58.09969	10.18257	-56.40588	-111.4292
58.19968	9.78283	-56.66593	-111.34721
58.29968	9.38917	-56.9212	-111.26421
58.39968	9.00176	-57.17165	-111.18021
58.49968	8.62075	-57.41723	-111.09521
58.59968	8.24629	-57.65789	-111.00921
58.69968	7.87853	-57.89361	-110.92221
58.79967	7.51761	-58.12432	-110.83421
58.89967	7.16369	-58.35001	-110.74522
58.99967	6.81691	-58.57061	-110.65522
59.09967	6.4774	-58.78609	-110.56422
59.19967	6.14529	-58.99642	-110.47223
59.29967	5.82073	-59.20155	-110.37923
59.39967	5.50383	-59.40144	-110.28524
59.49966	5.19474	-59.59605	-110.19025
59.59966	4.89357	-59.78535	-110.09425
59.69966	4.60043	-59.9693	-109.99725
59.79966	4.31546	-60.14786	-109.89925
59.89966	4.03876	-60.32099	-109.80025
59.99966	3.77045	-60.48866	-109.70026
60.09966	3.51062	-60.65083	-109.59926
60.19965	3.25939	-60.80746	-109.49726
60.29965	3.01686	-60.95853	-109.39426
60.39965	2.78312	-61.10399	-109.29027
60.49965	2.55826	-61.24381	-109.18527
60.59965	2.34239	-61.37796	-109.07928
60.69965	2.13557	-61.5064	-108.97228
60.79964	1.9379	-61.62911	-108.86429
60.89964	1.74945	-61.74605	-108.75529
60.99964	1.5703	-61.85719	-108.6453
61.09964	1.40052	-61.9625	-108.5343
61.19964	1.24019	-62.06195	-108.4223
61.29964	1.08935	-62.15551	-108.3093
61.39964	0.94808	-62.24314	-108.1953
61.49963	0.81643	-62.32483	-108.08031
61.59963	0.69445	-62.40055	-107.96431
61.69963	0.58219	-62.47026	-107.84731
61.79963	0.4797	-62.53394	-107.72932
61.89963	0.38702	-62.59156	-107.61032
61.99963	0.30418	-62.64309	-107.49033
62.09962	0.23122	-62.68852	-107.36933
62.19962	0.16817	-62.72782	-107.24734
62.29962	0.11504	-62.76096	-107.12434
62.39962	0.07187	-62.78793	-107.00035
62.49962	0.03868	-62.80869	-106.87535
62.59962	0.01546	-62.82322	-106.74935
62.69962	0.00224	-62.83151	-106.62235
62.79961	-0.00099	-62.83354	-106.49435
62.89961	0.00579	-62.82928	-106.36536
62.99961	0.02256	-62.81871	-106.23536
63.09961	0.04933	-62.80182	-106.10436
63.19961	0.08607	-62.77858	-105.97237
63.29961	0.13278	-62.74899	-105.83937
63.3996	0.18943	-62.71301	-105.70538
63.4996	0.25601	-62.67064	-105.57038
63.5996	0.33248	-62.62186	-105.43439
63.6996	0.41882	-62.56665	-105.29739
63.7996	0.51499	-62.505	-105.1594
63.8996	0.62096	-62.4369	-105.02041
63.9996	0.73667	-62.36234	-104.88041
64.09959	0.86209	-62.2813	-104.73941
64.19959	0.99717	-62.19376	-104.59741
64.29959	1.14184	-62.09972	-104.45441
64.39959	1.29606	-61.99918	-104.31042
64.49959	1.45976	-61.89211	-104.16542
64.59959	1.63287	-61.7785	-104.01942
64.69958	1.81533	-61.65836	-103.87243
64.79958	2.00706	-61.53168	-103.72443
64.89958	2.20799	-61.39844	-103.57544
64.99958	2.41804	-61.25864	-103.42545
65.09958	2.63712	-61.11227	-103.27445
65.19958	2.86514	-60.95934	-103.12246
65.29958	3.10201	-60.79982	-102.96947
65.39957	3.34765	-60.63374	-102.81547
65.49957	3.60194	-60.46107	-102.66047
65.59957	3.86479	-60.28181	-102.50447
65.69957	4.1361	-60.09598	-102.34747
65.79957	4.41575	-59.90356	-102.18948
65.89957	4.70363	-59.70455	-102.03048
65.99957	4.99964	-59.49896	-101.87048
66.09956	5.30364	-59.28679	-101.70949
66.19956	5.61552	-59.06804	-101.54749
66.29956	5.93515	-58.84272	-101.3845
66.39956	6.26241	-58.61082	-101.2205
66.49956	6.59716	-58.37235	-101.05551
66.59956	6.93927	-58.12732	-100.88952
66.69955	7.28861	-57.87572	-100.72253
66.79955	7.64503	-57.61758	-100.55453
66.89955	8.00839	-57.3529	-100.38553
66.99955	8.37855	-57.08168	-100.21553
67.09955	8.75535	-56.80393	-100.04453
67.19955	9.13866	-56.51967	-99.87254
67.29955	9.5283	-56.2289	-99.69954
67.39954	9.92414	-55.93163	-99.52554
67.49954	10.326	-55.62788	-99.35055
67.59954	10.73374	-55.31766	-99.17455
67.69954	11.14718	-55.00098	-98.99756
67.79954	11.56616	-54.67785	-98.81956
67.89954	11.99051	-54.3483	-98.64057
67.99953	12.42007	-54.01233	-98.46058
68.09953	12.85466	-53.66997	-98.27959
68.19953	13.2941	-53.32122	-98.0976
68.29953	13.73823	-52.96611	-97.9146
68.39953	14.18686	-52.60466	-97.7306
68.49953	14.63982	-52.23688	-97.5456
68.59953	15.09692	-51.86279	-97.3596
68.69952	15.55799	-51.48242	-97.17261
68.79952	16.02282	-51.09579	-96.98461
68.89952	16.49125	-50.70291	-96.79562
68.99952	16.96309	-50.30382	-96.60562
69.09952	17.43813	-49.89853	-96.41463
69.19952	17.9162	-49.48707	-96.22263
69.29951	18.39711	-49.06946	-96.02964
69.39951	18.88065	-48.64574	-95.83565
69.49951	19.36664	-48.21592	-95.64066
69.59951	19.85489	-47.78004	-95.44466
69.69951	20.34519	-47.33812	-95.24767
69.79951	20.83736	-46.89018	-95.04967
69.89951	21.33119	-46.43627	-94.85067
69.9995	21.82648	-45.97641	-94.65067
70.0995	22.32305	-45.51063	-94.44968
70.1995	22.82069	-45.03896	-94.24768
70.2995	23.31919	-44.56144	-94.04469
70.3995	23.81837	-44.07809	-93.84069
70.4995	24.31803	-43.58896	-93.6357
70.59949	24.81795	-43.09408	-93.4297
70.69949	25.31795	-42.59348	-93.22271
70.79949	25.81782	-42.08719	-93.01472
70.89949	26.31737	-41.57526	-92.80573
70.99949	26.81638	-41.05772	-92.59573
71.09949	27.31467	-40.53461	-92.38474
71.19949	27.81203	-40.00597	-92.17274
71.29948	28.30827	-39.47183	-91.95974
71.39948	28.80319	-38.93225	-91.74574
71.49948	29.29658	-38.38725	-91.53075
71.59948	29.78826	-37.83689	-91.31475
71.69948	30.27802	-37.2812	-91.09776
71.79948	30.76567	-36.72022	-90.87976
71.89948	31.25101	-36.154	-90.66077
71.99947	31.73385	-35.58259	-90.44077
72.09947	32.214	-35.00602	-90.21978
72.19947	32.69127	-34.42435	-89.99779
72.29947	33.16545	-33.83762	-89.7748
72.39947	33.63638	-33.24588	-89.5508
72.49947	34.10384	-32.64917	-89.32581
72.59946	34.56767	-32.04755	-89.09981
72.69946	35.02767	-31.44106	-88.87281
72.79946	35.48365	-30.82975	-88.64481
72.89946	35.93545	-30.21367	-88.41582
72.99946	36.38287	-29.59288	-88.18582
73.09946	36.82573	-28.96742	-87.95483
73.19946	37.26387	-28.33735	-87.72283
73.29945	37.6971	-27.70271	-87.48984
73.39945	38.12526	-27.06358	-87.25584
73.49945	38.54816	-26.41999	-87.02085
73.59945	38.96564	-25.772	-86.78486
73.69945	39.37754	-25.11967	-86.54787
73.79945	39.78368	-24.46305	-86.30988
73.89944	40.18392	-23.8022	-86.07088
73.99944	40.57808	-23.13718	-85.83089
74.09944	40.96601	-22.46804	-85.58989
74.19944	41.34755	-21.79485	-85.34789
74.29944	41.72255	-21.11766	-85.1049
74.39944	42.09087	-20.43653	-84.8609
74.49944	42.45235	-19.75152	-84.61591
74.59943	42.80685	-19.0627	-84.36991
74.69943	43.15423	-18.37011	-84.12292
74.79943	43.49434	-17.67384	-83.87492
74.89943	43.82706	-16.97393	-83.62593
74.99943	44.15225	-16.27045	-83.37594
75.09943	44.46978	-15.56346	-83.12495
75.19942	44.77951	-14.85303	-82.87296
75.29942	45.08134	-14.13923	-82.61996
75.39942	45.37514	-13.42211	-82.36597
75.49942	45.66078	-12.70174	-82.11097
75.59942	45.93816	-11.97819	-81.85497
75.69942	46.20717	-11.25153	-81.59798
75.79942	46.4677	-10.52182	-81.33998
75.89941	46.71964	-9.78913	-81.08099
75.99941	46.96289	-9.05353	-80.82099
76.09941	47.19735	-8.31508	-80.56
76.19941	47.42294	-7.57386	-80.298
76.29941	47.63956	-6.82994	-80.03501
76.39941	47.84712	-6.08338	-79.77102
76.4994	48.04554	-5.33425	-79.50603
76.5994	48.23475	-4.58263	-79.24004
76.6994	48.41467	-3.82859	-78.97305
76.7994	48.58521	-3.0722	-78.70505
76.8994	48.74633	-2.31353	-78.43605
76.9994	48.89794	-1.55265	-78.16605
77.0994	49.04	-0.78964	-77.89506
77.19939	49.17244	-0.02458	-77.62306
77.29939	49.29522	0.74248	-77.35007
77.39939	49.40827	1.51145	-77.07607
77.49939	49.51157	2.28225	-76.80108
77.59939	49.60506	3.05481	-76.52509
77.69939	49.68871	3.82907	-76.24809
77.79939	49.76248	4.60493	-75.9701
77.89938	49.82635	5.38232	-75.69111
77.99938	49.88029	6.16118	-75.41112
78.09938	49.92427	6.94142	-75.13013
78.19938	49.95829	7.72296	-74.84814
78.29938	49.98232	8.50572	-74.56514
78.39938	49.99636	9.28964	-74.28114
78.49937	50.00041	10.07463	-73.99615
78.59937	49.99445	10.86061	-73.71015
78.69937	49.9785	11.6475	-73.42316
78.79937	49.95256	12.43523	-73.13516
78.89937	49.91663	13.22371	-72.84617
78.99937	49.87074	14.01287	-72.55618
79.09937	49.8149	14.80263	-72.26518
79.19936	49.74914	15.5929	-71.97319
79.29936	49.67347	16.38361	-71.6802
79.39936	49.58794	17.17467	-71.38621
79.49936	49.49257	17.96601	-71.09122
79.59936	49.38741	18.75754	-70.79523
79.69936	49.27249	19.54918	-70.49823
79.79935	49.14787	20.34085	-70.20023
79.89935	49.01358	21.13247	-69.90124
79.99935	48.86969	21.92396	-69.60124
80.09935	48.71625	22.71523	-69.30025
80.19935	48.55333	23.50621	-68.99825
80.29935	48.38099	24.2968	-68.69526
80.39935	48.19929	25.08694	-68.39127
80.49934	48.00831	25.87652	-68.08627
80.59934	47.80813	26.66548	-67.78028
80.69934	47.59883	27.45373	-67.47329
80.79934	47.38049	28.24119	-67.1653
80.89934	47.1532	29.02776	-66.85631
80.99934	46.91705	29.81338	-66.54632
81.09933	46.67213	30.59795	-66.23532
81.19933	46.41854	31.3814	-65.92332
81.29933	46.15639	32.16364	-65.61033
81.39933	45.88577	32.94458	-65.29633
81.49933	45.6068	33.72414	-64.98134
81.59933	45.31959	34.50224	-64.66534
81.69933	45.02425	35.27879	-64.34835
81.79932	44.7209	36.05371	-64.03036
81.89932	44.40966	36.82692	-63.71136
81.99932	44.09066	37.59833	-63.39137
82.09932	43.76402	38.36786	-63.07038
82.19932	43.42988	39.13543	-62.74839
82.29932	43.08837	39.90094	-62.42539
82.39931	42.73962	40.66432	-62.1014
82.49931	42.38377	41.42549	-61.77641
82.59931	42.02098	42.18435	-61.45041
82.69931	41.65137	42.94083	-61.12342
82.79931	41.2751	43.69484	-60.79543
82.89931	40.89233	44.44629	-60.46643
82.99931	40.5032	45.19511	-60.13644
83.0993	40.10786	45.94122	-59.80545
83.1993	39.70649	46.68451	-59.47345
83.2993	39.29923	47.42493	-59.14046
83.3993	38.88625	48.16237	-58.80647
83.4993	38.46772	48.89676	-58.47148
83.5993	38.0438	49.62801	-58.13548
83.6993	37.61466	50.35605	-57.79849
83.79929	37.18048	51.08079	-57.46049
83.89929	36.74142	51.80214	-57.1215
83.99929	36.29767	52.52003	-56.78151
84.09929	35.8494	53.23437	-56.44052
84.19929	35.39679	53.94508	-56.09853
84.29929	34.94003	54.65207	-55.75553
84.39928	34.47928	55.35528	-55.41154
84.49928	34.01475	56.05461	-55.06654
84.59928	33.54661	56.74998	-54.72055
84.69928	33.07505	57.44132	-54.37356
84.79928	32.60026	58.12854	-54.02557
84.89928	32.12243	58.81156	-53.67657
84.99928	31.64175	59.49031	-53.32658
85.09927	31.15841	60.1647	-52.97559
85.19927	30.67262	60.83464	-52.6236
85.29927	30.18455	61.50008	-52.2706
85.39927	29.69441	62.16091	-51.91661
85.49927	29.20239	62.81707	-51.56162
85.59927	28.70869	63.46848	-51.20563
85.69926	28.2135	64.11506	-50.84864
85.79926	27.71704	64.75673	-50.49064
85.89926	27.21948	65.39341	-50.13165
85.99926	26.72104	66.02503	-49.77166
86.09926	26.2219	66.65151	-49.41066
86.19926	25.72228	67.27277	-49.04867
86.29926	25.22237	67.88874	-48.68568
86.39925	24.72237	68.49934	-48.32169
86.49925	24.22248	69.1045	-47.9567
86.59925	23.7229	69.70414	-47.5907
86.69925	23.22383	70.29819	-47.22371
86.79925	22.72548	70.88657	-46.85572
86.89925	22.22803	71.46921	-46.48672
86.99924	21.73169	72.04604	-46.11673
87.09924	21.23666	72.61697	-45.74574
87.19924	20.74313	73.18196	-45.37375
87.29924	20.25131	73.74091	-45.00076
87.39924	19.76138	74.29376	-44.62676
87.49924	19.27356	74.84045	-44.25177
87.59924	18.78802	75.38088	-43.87578
87.69923	18.30496	75.91501	-43.49879
87.79923	17.82458	76.44276	-43.1208
87.89923	17.34708	76.96405	-42.7418
87.99923	16.87263	77.47883	-42.36181
88.09923	16.40144	77.98702	-41.98082
88.19923	15.93368	78.48856	-41.59882
88.29922	15.46955	78.98338	-41.21583
88.39922	15.00923	79.47141	-40.83184
88.49922	14.55291	79.9526	-40.44685
88.59922	14.10076	80.42686	-40.06086
88.69922	13.65298	80.89415	-39.67386
88.79922	13.20973	81.35439	-39.28587
88.89922	12.7712	81.80753	-38.89688
88.99921	12.33756	82.25349	-38.50689
89.09921	11.90898	82.69223	-38.11589
89.19921	11.48564	83.12367	-37.7239
89.29921	11.06771	83.54776	-37.33091
89.39921	10.65535	83.96443	-36.93692
89.49921	10.24872	84.37363	-36.54192
89.59921	9.848	84.77531	-36.14593
89.6992	9.45333	85.16939	-35.74894
89.7992	9.06489	85.55582	-35.35095
89.8992	8.68281	85.93455	-34.95196
89.9992	8.30727	86.30552	-34.55196
90.0992	7.9384	86.66867	-34.15097
90.1992	7.57635	87.02396	-33.74898
90.29919	7.22128	87.37132	-33.34599
90.39919	6.87331	87.7107	-32.94199
90.49919	6.53259	88.04205	-32.537
90.59919	6.19926	88.36533	-32.13101
90.69919	5.87345	88.68047	-31.72402
90.79919	5.55529	88.98743	-31.31603
90.89919	5.24491	89.28616	-30.90704
90.99918	4.94243	89.57661	-30.49704
91.09918	4.64797	89.85873	-30.08605
91.19918	4.36165	90.13247	-29.67406
91.29918	4.08359	90.39779	-29.26107
91.39918	3.81389	90.65464	-28.84708
91.49918	3.55267	90.90298	-28.43209
91.59917	3.30002	91.14276	-28.01609
91.69917	3.05605	91.37395	-27.5991
91.79917	2.82086	91.59649	-27.18111
91.89917	2.59454	91.81035	-26.76212
91.99917	2.37719	92.01548	-26.34213
92.09917	2.16888	92.21185	-25.92113
92.19917	1.9697	92.39941	-25.49914
92.29916	1.77973	92.57812	-25.07615
92.39916	1.59906	92.74796	-24.65216
92.49916	1.42774	92.90888	-24.22717
92.59916	1.26585	93.06085	-23.80118
92.69916	1.11345	93.20383	-23.37419
92.79916	0.9706	93.3378	-22.94619
92.89915	0.83737	93.46271	-22.5172
92.99915	0.7138	93.57853	-22.08721
93.09915	0.59995	93.68523	-21.65622
93.19915	0.49585	93.78278	-21.22423
93.29915	0.40156	93.87115	-20.79124
93.39915	0.3171	93.95032	-20.35724
93.49915	0.24252	94.02025	-19.92225
93.59914	0.17784	94.08092	-19.48626
93.69914	0.12308	94.1323	-19.04927
93.79914	0.07828	94.17437	-18.61128
93.89914	0.04344	94.2071	-18.17229
93.99914	0.01859	94.23047	-17.7323
94.09914	0.00373	94.24445	-17.29131
94.19913	-0.00114	94.24904	-16.84931
94.29913	0.004	94.24419	-16.40632
94.39913	0.01913	94.2299	-15.96233
94.49913	0.04426	94.20615	-15.51734
94.59913	0.07936	94.17292	-15.07135
94.69913	0.12444	94.1302	-14.62436
94.79913	0.17946	94.07796	-14.17637
94.89912	0.24441	94.01619	-13.72738
94.99912	0.31926	93.94488	-13.27738
95.09912	0.40399	93.86401	-12.82639
95.19912	0.49855	93.77358	-12.3744
95.29912	0.60291	93.67358	-11.92141
95.39912	0.71703	93.56398	-11.46742
95.49911	0.84086	93.44479	-11.01243
95.59911	0.97435	93.316	-10.55644
95.69911	1.11746	93.1776	-10.09945
95.79911	1.27011	93.02958	-9.64145
95.89911	1.43226	92.87193	-9.18246
95.99911	1.60383	92.70467	-8.72247
96.09911	1.78477	92.52777	-8.26148
96.1991	1.97498	92.34125	-7.79949
96.2991	2.17441	92.14509	-7.3365
96.3991	2.38296	91.9393	-6.87251
96.4991	2.60057	91.72388	-6.40752
96.5991	2.82713	91.49883	-5.94153
96.6991	3.06256	91.26415	-5.47453
96.7991	3.30676	91.01986	-5.00654
96.89909	3.55964	90.76595	-4.53755
96.99909	3.8211	90.50243	-4.06756
97.09909	4.09102	90.2293	-3.59657
97.19909	4.36931	89.94659	-3.12458
97.29909	4.65585	89.65428	-2.65159
97.39909	4.95053	89.3524	-2.1776
97.49908	5.25323	89.04095	-1.70261
97.59908	5.56382	88.71996	-1.22662
97.69908	5.88219	88.38942	-0.74963
97.79908	6.20821	88.04936	-0.27164
97.89908	6.54174	87.69979	0.20736
97.99908	6.88265	87.34073	0.68735
98.09908	7.23081	86.97219	1.16834
98.19907	7.58608	86.59419	1.65033
98.29907	7.94831	86.20676	2.13332
98.39907	8.31737	85.80991	2.61731
98.49907	8.69309	85.40366	3.1023
98.59907	9.07534	84.98804	3.58829
98.69907	9.46396	84.56306	4.07528
98.79906	9.85879	84.12877	4.56327
98.89906	10.25968	83.68517	5.05226
98.99906	10.66646	83.23229	5.54225
99.09906	11.07897	82.77017	6.03324
99.19906	11.49706	82.29884	6.52523
99.29906	11.92054	81.81831	7.01823
99.39906	12.34926	81.32862	7.51222
99.49905	12.78303	80.82981	8.00721
99.59905	13.22169	80.32191	8.5032
99.69905	13.66506	79.80494	9.00019
99.79905	14.11297	79.27895	9.49818
99.89905	14.56523	78.74397	9.99717
99.99905	15.02166	78.20003	10.49716
100.09904	15.48209	77.64718	10.99815
100.19904	15.94632	77.08545	11.50014
100.29904	16.41417	76.51488	12.00313
100.39904	16.88546	75.93552	12.50712
100.49904	17.35999	75.3474	13.01211
100.59904	17.83758	74.75057	13.5181
100.69904	18.31803	74.14507	14.02509
100.79903	18.80116	73.53094	14.53308
100.89903	19.28676	72.90824	15.04207
100.99903	19.77465	72.277	15.55206
101.09903	20.26463	71.63728	16.06305
101.19903	20.7565	70.98911	16.57504
101.29903	21.25007	70.33257	17.08803
101.39902	21.74514	69.66768	17.60202
101.49902	22.24151	68.99451	18.11701
101.59902	22.73899	68.3131	18.633
101.69902	23.23737	67.62352	19.14999
101.79902	23.73645	66.92581	19.66798
101.89902	24.23604	66.22003	20.18697
101.99902	24.73594	65.50624	20.70696
102.09901	25.23594	64.78449	21.22795
102.19901	25.73584	64.05484	21.74994
102.29901	26.23545	63.31735	22.27293
102.39901	26.73457	62.57208	22.79692
102.49901	27.23299	61.81909	23.32191
102.59901	27.73052	61.05844	23.8479
102.69901	28.22696	60.2902	24.3749
102.799	28.7221	59.51442	24.90289
102.899	29.21576	58.73118	25.43188
102.999	29.70773	57.94054	25.96186
103.099	30.19782	57.14256	26.49286
103.199	30.68583	56.33731	27.02485
103.299	31.17156	55.52487	27.55783
103.39899	31.65483	54.70529	28.09183
103.49899	32.13543	53.87865	28.62682
103.59899	32.61318	53.04502	29.16281
103.69899	33.08789	52.20447	29.69979
103.79899	33.55936	51.35707	30.23779
103.89899	34.0274	50.5029	30.77678
103.99899	34.49184	49.64203	31.31676
104.09898	34.95248	48.77453	31.85775
104.19898	35.40913	47.90049	32.39974
104.29898	35.86163	47.01997	32.94273
104.39898	36.30978	46.13305	33.48672
104.49898	36.75341	45.23981	34.03172
104.59898	37.19233	44.34034	34.57771
104.69897	37.62638	43.43472	35.12469
104.79897	38.05537	42.52301	35.67268
104.89897	38.47915	41.6053	36.22167
104.99897	38.89753	40.68168	36.77166
105.09897	39.31036	39.75223	37.32265
105.19897	39.71746	38.81703	37.87464
105.29897	40.11868	37.87617	38.42763
105.39896	40.51384	36.92972	38.98162
105.49896	40.90281	35.97778	39.53661
105.59896	41.28541	35.02044	40.0926
105.69896	41.6615	34.05778	40.64959
105.79896	42.03092	33.08988	41.20758
105.89896	42.39353	32.11684	41.76657
105.99895	42.74918	31.13875	42.32656
106.09895	43.09774	30.1557	42.88755
106.19895	43.43905	29.16778	43.44954
106.29895	43.77299	28.17507	44.01252
106.39895	44.09943	27.17768	44.57651
106.49895	44.41822	26.17568	45.1415
106.59895	44.72924	25.16919	45.70749
106.69894	45.03238	24.15829	46.27448
106.79894	45.3275	23.14308	46.84247
106.89894	45.61449	22.12364	47.41146
106.99894	45.89323	21.10009	47.98145
107.09894	46.16362	20.0725	48.55244
107.19894	46.42555	19.04099	49.12443
107.29893	46.6789	18.00565	49.69742
107.39893	46.92358	16.96657	50.27141
107.49893	47.1595	15.92386	50.8464
107.59893	47.38655	14.87762	51.42239
107.69893	47.60464	13.82794	51.99937
107.79893	47.8137	12.77493	52.57736
107.89893	48.01363	11.71868	53.15635
107.99892	48.20435	10.6593	53.73634
108.09892	48.38579	9.5969	54.31733
108.19892	48.55788	8.53156	54.89932
108.29892	48.72055	7.4634	55.48231
108.39892	48.87373	6.39252	56.0663
108.49892	49.01736	5.31903	56.65129
108.59892	49.15138	4.24302	57.23728
108.69891	49.27574	3.1646	57.82427
108.79891	49.3904	2.08389	58.41226
108.89891	49.49529	1.00097	59.00125
108.99891	49.59039	-0.08403	59.59124
109.09891	49.67566	-1.17102	60.18222
109.19891	49.75105	-2.25988	60.77421
109.2989	49.81655	-3.35051	61.3672
109.3989	49.87212	-4.44281	61.96119
109.4989	49.91774	-5.53665	62.55618
109.5989	49.95339	-6.63194	63.15217
109.6989	49.97906	-7.72857	63.74916
109.7989	49.99474	-8.82642	64.34715
109.8989	50.00043	-9.9254	64.94614
109.99889	49.99611	-11.02537	65.54613
110.09889	49.9818	-12.12625	66.14713
110.19889	49.9575	-13.22791	66.74911
110.29889	49.92321	-14.33025	67.3521
110.39889	49.87895	-15.43316	67.95609
110.49889	49.82475	-16.53652	68.56108
110.59888	49.76061	-17.64022	69.16707
110.69888	49.68657	-18.74415	69.77406
110.79888	49.60265	-19.84821	70.38204
110.89888	49.5089	-20.95227	70.99103
110.99888	49.40534	-22.05622	71.60101
111.09888	49.29202	-23.15996	72.21201
111.19888	49.16898	-24.26336	72.824
111.29887	49.03628	-25.36633	73.43699
111.39887	48.89396	-26.46874	74.05098
111.49887	48.74209	-27.57048	74.66597
111.59887	48.58072	-28.67144	75.28196
111.69887	48.40991	-29.7715	75.89895
111.79887	48.22974	-30.87055	76.51694
111.89886	48.04029	-31.96848	77.13593
111.99886	47.84161	-33.06517	77.75591
112.09886	47.6338	-34.16052	78.3769
112.19886	47.41694	-35.2544	78.99889
112.29886	47.19111	-36.3467	79.62187
112.39886	46.95641	-37.43731	80.24586
112.49886	46.71292	-38.52612	80.87085
112.59885	46.46075	-39.613	81.49684
112.69885	46.19999	-40.69786	82.12383
112.79885	45.93075	-41.78056	82.75182
112.89885	45.65314	-42.86101	83.38081
112.99885	45.36728	-43.93908	84.0108
113.09885	45.07326	-45.01466	84.64179
113.19884	44.77122	-46.08764	85.27378
113.29884	44.46127	-47.1579	85.90677
113.39884	44.14353	-48.22533	86.54076
113.49884	43.81813	-49.28983	87.17574
113.59884	43.48521	-50.35126	87.81173
113.69884	43.1449	-51.40952	88.44872
113.79884	42.79733	-52.4645	89.0867
113.89883	42.44264	-53.51609	89.72569
113.99883	42.08097	-54.56416	90.36568
114.09883	41.71247	-55.60862	91.00667
114.19883	41.33729	-56.64934	91.64866
114.29883	40.95557	-57.68621	92.29165
114.39883	40.56747	-58.71913	92.93564
114.49883	40.17315	-59.74798	93.58063
114.59882	39.77275	-60.77264	94.22662
114.69882	39.36645	-61.79301	94.8736
114.79882	38.9544	-62.80898	95.52159
114.89882	38.53676	-63.82043	96.17058
114.99882	38.11372	-64.82726	96.82056
115.09882	37.68542	-65.82935	97.47155
115.19881	37.25206	-66.8266	98.12354
115.29881	36.81379	-67.81889	98.77652
115.39881	36.3708	-68.80611	99.43051
115.49881	35.92326	-69.78815	100.0855
115.59881	35.47135	-70.76492	100.74149
115.69881	35.01525	-71.73629	101.39848
115.79881	34.55515	-72.70216	102.05647
115.8988	34.09122	-73.66243	102.71546
115.9988	33.62366	-74.61698	103.37545
116.0988	33.15265	-75.56571	104.03644
116.1988	32.67837	-76.50851	104.69843
116.2988	32.20103	-77.44528	105.36141
116.3988	31.7208	-78.37591	106.0254
116.49879	31.23789	-79.30029	106.69038
116.59879	30.75248	-80.21833	107.35637
116.69879	30.26477	-81.12991	108.02335
116.79879	29.77496	-82.03494	108.69135
116.89879	29.28323	-82.93331	109.36034
116.99879	28.78979	-83.82491	110.03033
117.09879	28.29484	-84.70965	110.70132
117.19878	27.79857	-85.58742	111.37331
117.29878	27.30118	-86.45812	112.0463
117.39878	26.80286	-87.32166	112.72028
117.49878	26.30383	-88.17793	113.39527
117.59878	25.80428	-89.02683	114.07126
117.69878	25.3044	-89.86827	114.74825
117.79877	24.8044	-90.70215	115.42623
117.89877	24.30448	-91.52836	116.10522
117.99877	23.80484	-92.34682	116.7852
118.09877	23.30567	-93.15742	117.46619
118.19877	22.80719	-93.96007	118.14817
118.29877	22.30958	-94.75468	118.83116
118.39877	21.81304	-95.54115	119.51515
118.49876	21.31778	-96.31938	120.20014
118.59876	20.82399	-97.08929	120.88613
118.69876	20.33188	-97.85078	121.57312
118.79876	19.84163	-98.60376	122.26111
118.89876	19.35344	-99.34814	122.9501
118.99876	18.86751	-100.08384	123.64008
119.09875	18.38404	-100.81075	124.33107
119.19875	17.90321	-101.5288	125.02306
119.29875	17.42521	-102.23789	125.71604
119.39875	16.95025	-102.93793	126.41003
119.49875	16.47851	-103.62885	127.10501
119.59875	16.01018	-104.31055	127.80099
119.69875	15.54544	-104.98296	128.49799
119.79874	15.08448	-105.64598	129.19597
119.89874	14.62749	-106.29954	129.89496
119.99874	14.17465	-106.94354	130.59494
120.09874	13.72613	-107.57792	131.29593
120.19874	13.28213	-108.20259	131.99791
120.29874	12.84281	-108.81747	132.7009
120.39874	12.40836	-109.42249	133.40489
120.49873	11.97894	-110.01756	134.10988
120.59873	11.55473	-110.6026	134.81587
120.69873	11.1359	-111.17754	135.52286
120.79873	10.72261	-111.74232	136.23085
120.89873	10.31503	-112.29684	136.93983
120.99873	9.91333	-112.84105	137.64983
121.09872	9.51766	-113.37486	138.36081
121.19872	9.12818	-113.89821	139.0728
121.29872	8.74505	-114.41102	139.78578
121.39872	8.36843	-114.91322	140.49977
121.49872	7.99845	-115.40476	141.21475
121.59872	7.63528	-115.88556	141.93074
121.69872	7.27905	-116.35555	142.64772
121.79871	6.9299	-116.81467	143.36571
121.89871	6.58799	-117.26285	144.0847
121.99871	6.25344	-117.70003	144.80469
122.09871	5.92638	-118.12614	145.52568
122.19871	5.60696	-118.54114	146.24767
122.29871	5.29529	-118.94495	146.97066
122.3987	4.99151	-119.33752	147.69464
122.4987	4.69572	-119.71879	148.41963
122.5987	4.40806	-120.0887	149.14561
122.6987	4.12864	-120.4472	149.8726
122.7987	3.85756	-120.79422	150.60059
122.8987	3.59494	-121.12972	151.32957
122.9987	3.34088	-121.45365	152.05956
123.09869	3.09548	-121.76595	152.79054
123.19869	2.85884	-122.06657	153.52252
123.29869	2.63106	-122.35547	154.25551
123.39869	2.41223	-122.63258	154.9895
123.49869	2.20243	-122.89787	155.72449
123.59869	2.00175	-123.1513	156.46048
123.69868	1.81026	-123.39281	157.19746
123.79868	1.62806	-123.62236	157.93546
123.89868	1.4552	-123.83991	158.67444
123.99868	1.29176	-124.04542	159.41443
124.09868	1.1378	-124.23885	160.15541
124.19868	0.99338	-124.42015	160.8974
124.29868	0.85857	-124.58929	161.64038
124.39867	0.73341	-124.74625	162.38437
124.49867	0.61796	-124.89096	163.12935
124.59867	0.51226	-125.02341	163.87534
124.69867	0.41635	-125.14357	164.62233
124.79867	0.33028	-125.25139	165.37032
124.89867	0.25407	-125.34685	166.11931
124.99866	0.18777	-125.42992	166.86929
125.09866	0.13138	-125.50056	167.62029
125.19866	0.08494	-125.55877	168.37227
125.29866	0.04847	-125.6045	169.12526
125.39866	0.02198	-125.63773	169.87924
125.49866	0.00548	-125.65845	170.63423
125.59866	-0.00103	-125.66662	171.39021
125.69865	0.00247	-125.66222	172.1472
125.79865	0.01596	-125.64525	172.90518
125.89865	0.03945	-125.61567	173.66417
125.99865	0.07292	-125.57347	174.42415
126.09865	0.11636	-125.51864	175.18513
126.19865	0.16975	-125.45116	175.94713
126.29865	0.23307	-125.37103	176.71011
126.39864	0.3063	-125.27821	177.47411
126.49864	0.38941	-125.17271	178.23909
126.59864	0.48236	-125.05453	179.00508
126.69864	0.58512	-124.92364	179.77206
126.79864	0.69764	-124.78004	180.54005
126.89864	0.81988	-124.62373	181.30904
126.99863	0.95179	-124.4547	182.07903
127.09863	1.09332	-124.27294	182.85001
127.19863	1.24441	-124.07847	183.62199
127.29863	1.40501	-123.87127	184.39497
127.39863	1.57504	-123.65135	185.16896
127.49863	1.75444	-123.41872	185.94394
127.59863	1.94314	-123.17336	186.71992
127.69862	2.14106	-122.9153	187.49692
127.79862	2.34813	-122.64452	188.2749
127.89862	2.56425	-122.36105	189.05389
127.99862	2.78935	-122.0649	189.83388
128.09862	3.02333	-121.75606	190.61487
128.19862	3.2661	-121.43456	191.39685
128.29863	3.51756	-121.1004	192.17984
128.39864	3.77762	-120.75359	192.96382
128.49864	4.04617	-120.39417	193.74881
128.59865	4.3231	-120.02213	194.53479
128.69865	4.60829	-119.6375	195.32178
128.79866	4.90165	-119.24031	196.10976
128.89867	5.20305	-118.83057	196.89874
128.99867	5.51236	-118.40829	197.68874
129.09868	5.82947	-117.9735	198.47972
129.19868	6.15424	-117.52624	199.27171
129.29869	6.48656	-117.06652	200.0647
129.3987	6.82628	-116.59438	200.85869
129.4987	7.17327	-116.10983	201.65367
129.59871	7.52739	-115.61292	202.44966
129.69872	7.88849	-115.10368	203.24664
129.79872	8.25645	-114.58212	204.04463
129.89873	8.6311	-114.04829	204.84361
129.99873	9.01229	-113.50224	205.6436
130.09874	9.39989	-112.94397	206.4446
130.19875	9.79372	-112.37354	207.24658
130.29875	10.19363	-111.79099	208.04958
130.39876	10.59947	-111.19637	208.85356
130.49876	11.01107	-110.5897	209.65855
130.59877	11.42826	-109.97103	210.46454
130.69878	11.85088	-109.34041	211.27153
130.79878	12.27876	-108.69788	212.07951
130.89879	12.71172	-108.04349	212.8885
130.99879	13.14961	-107.37728	213.69849
131.0988	13.59223	-106.69931	214.50948
131.19881	14.03941	-106.00963	215.32146
131.29881	14.49098	-105.30829	216.13445
131.39882	14.94675	-104.59534	216.94844
131.49883	15.40655	-103.87083	217.76343
131.59883	15.87018	-103.13483	218.57942
131.69884	16.33746	-102.38739	219.39641
131.79884	16.8082	-101.62856	220.2144
131.89885	17.28222	-100.85841	221.03339
131.99886	17.75933	-100.077	221.85338
132.09886	18.23933	-99.28439	222.67436
132.19887	18.72204	-98.48065	223.49635
132.29887	19.20726	-97.66583	224.31934
132.39888	19.6948	-96.84001	225.14333
132.49889	20.18445	-96.00325	225.96831
132.59889	20.67603	-95.15562	226.7943
132.6989	21.16935	-94.29718	227.62129
132.7989	21.66419	-93.42801	228.44928
132.89891	22.16036	-92.54818	229.27827
132.99892	22.65767	-91.65777	230.10826
133.09892	23.15592	-90.75684	230.93925
133.19893	23.65491	-89.84548	231.77124
133.29893	24.15443	-88.92376	232.60423
133.39894	24.65429	-87.99175	233.43822
133.49895	25.15428	-87.04955	234.27321
133.59895	25.65421	-86.09721	235.10919
133.69896	26.15389	-85.13484	235.94618
133.79897	26.6531	-84.16251	236.78416
133.89897	27.15164	-83.18029	237.62315
133.99898	27.64933	-82.18829	238.46315
134.09898	28.14595	-81.18658	239.30414
134.19899	28.64132	-80.17525	240.14613
134.299	29.13522	-79.15439	240.98912
134.399	29.62748	-78.12408	241.83311
134.49901	30.11788	-77.08443	242.6781
134.59901	30.60623	-76.03551	243.52409
134.69902	31.09234	-74.97742	244.37108
134.79903	31.57601	-73.91026	245.21907
134.89903	32.05705	-72.83412	246.06805
134.99904	32.53526	-71.7491	246.91805
135.09904	33.01046	-70.65529	247.76904
135.19905	33.48246	-69.55279	248.62103
135.29906	33.95106	-68.4417	249.47403
135.39906	34.41608	-67.32211	250.32802
135.49907	34.87733	-66.19414	251.18301
135.59908	35.33463	-65.05787	252.039
135.69908	35.7878	-63.91341	252.896
135.79909	36.23665	-62.76088	253.75398
135.89909	36.681	-61.60036	254.61298
135.9991	37.12068	-60.43197	255.47296
136.09911	37.55551	-59.25581	256.33395
136.19911	37.98531	-58.072	257.19595
136.29912	38.40992	-56.88063	258.05893
136.39912	38.82917	-55.68183	258.92291
136.49913	39.24288	-54.47569	259.7879
136.59914	39.65089	-53.26234	260.6539
136.69914	40.05305	-52.04187	261.5209
136.79915	40.44918	-50.81442	262.38889
136.89915	40.83913	-49.58008	263.25787
136.99916	41.22274	-48.33898	264.12787
137.09917	41.59986	-47.09123	264.99887
137.19917	41.97034	-45.83694	265.87085
137.29918	42.33403	-44.57624	266.74384
137.39919	42.69078	-43.30925	267.61783
137.49919	43.04046	-42.03607	268.49283
137.5992	43.38292	-40.75683	269.36884
137.6992	43.71803	-39.47166	270.24582
137.79921	44.04565	-38.18067	271.12381
137.89922	44.36564	-36.88398	272.00281
137.99922	44.67789	-35.58173	272.88281
138.09923	44.98227	-34.27402	273.76379
138.19923	45.27865	-32.96099	274.64578
138.29924	45.56692	-31.64276	275.52878
138.39925	45.84696	-30.31946	276.41278
138.49925	46.11866	-28.99121	277.29776
138.59926	46.38191	-27.65815	278.18375
138.69926	46.63661	-26.32039	279.07074
138.79927	46.88265	-24.97807	279.95874
138.89928	47.11993	-23.63131	280.84775
138.99928	47.34837	-22.28025	281.73773
139.09929	47.56786	-20.92502	282.62872
139.1993	47.77833	-19.56574	283.52072
139.2993	47.97969	-18.20255	284.41373
139.39931	48.17185	-16.83559	285.30771
139.49931	48.35474	-15.46497	286.2027
139.59932	48.52829	-14.09085	287.09869
139.69933	48.69242	-12.71335	287.9957
139.79933	48.84708	-11.3326	288.89368
139.89934	48.99219	-9.94874	289.79266
139.99934	49.12771	-8.56191	290.69266
140.09935	49.25357	-7.17224	291.59366
140.19936	49.36973	-5.77987	292.49567
140.29936	49.47614	-4.38493	293.39865
140.39937	49.57276	-2.98757	294.30264
140.49937	49.65955	-1.58792	295.20764
140.59938	49.73647	-0.18612	296.11365
140.69939	49.8035	1.2177	297.02063
140.79939	49.8606	2.62339	297.92862
140.8994	49.90776	4.03081	298.83762
140.9994	49.94495	5.43983	299.74762
141.09941	49.97216	6.8503	300.6586
141.19942	49.98938	8.26208	301.57059
141.29942	49.99661	9.67504	302.48358
141.39943	49.99383	11.08903	303.39758
141.49944	49.98106	12.50391	304.31259
141.59944	49.95829	13.91954	305.22858
141.69945	49.92553	15.33577	306.14557
141.79945	49.8828	16.75247	307.06357
141.89946	49.83012	18.16949	307.98257
141.99947	49.76751	19.58669	308.90256
142.09947	49.69498	21.00392	309.82355
142.19948	49.61258	22.42104	310.74554
142.29948	49.52033	23.83792	311.66855
142.39949	49.41827	25.2544	312.59253
142.4995	49.30644	26.67034	313.51752
142.5995	49.18489	28.0856	314.44351
142.69951	49.05366	29.50003	315.37051
142.79951	48.91281	30.91349	316.29852
142.89952	48.76239	32.32584	317.22751
142.99953	48.60247	33.73693	318.1575
143.09953	48.4331	35.14662	319.0885
143.19954	48.25436	36.55476	320.02051
143.29955	48.06631	37.96121	320.95349
143.39955	47.86904	39.36582	321.88748
143.49956	47.66261	40.76845	322.82248
143.59956	47.44712	42.16895	323.75848
143.69957	47.22265	43.56719	324.69547
143.79958	46.98929	44.96301	325.63345
143.89958	46.74713	46.35627	326.57245
143.99959	46.49627	47.74683	327.51245
144.09959	46.23681	49.13454	328.45346
144.1996	45.96886	50.51926	329.39545
144.29961	45.69251	51.90084	330.33844
144.39961	45.40789	53.27915	331.28244
144.49962	45.1151	54.65403	332.22745
144.59962	44.81427	56.02534	333.17343
144.69963	44.5055	57.39295	334.12042
144.79964	44.18894	58.7567	335.06842
144.89964	43.8647	60.11645	336.01743
144.99965	43.53291	61.47206	336.96741
145.09966	43.1937	62.82339	337.9184
145.19966	42.84721	64.1703	338.87039
145.29967	42.49359	65.51264	339.82339
145.39967	42.13297	66.85027	340.7774
145.49968	41.76549	68.18305	341.73239
145.59969	41.3913	69.51084	342.68839
145.69969	41.01056	70.8335	343.64539
145.7997	40.62341	72.15088	344.60339
145.8997	40.23001	73.46284	345.56238
145.99971	39.83051	74.76926	346.52237
146.09972	39.42509	76.06998	347.48337
146.19972	39.01389	77.36486	348.44537
146.29973	38.59708	78.65377	349.40836
146.39973	38.17484	79.93658	350.37234
146.49974	37.74732	81.21313	351.33734
146.59975	37.3147	82.48331	352.30334
146.69975	36.87716	83.74696	353.27036
146.79976	36.43487	85.00394	354.23834
146.89977	35.988	86.25414	355.20734
146.99977	35.53673	87.4974	356.17734
147.09978	35.08125	88.7336	357.14835
147.19978	34.62173	89.96259	358.12033
147.29979	34.15836	91.18426	359.09332
147.3998	33.69133	92.39845	360.06732
147.4998	33.22082	93.60505	361.04233
147.59981	32.74702	94.80392	362.01834
147.69981	32.27013	95.99492	362.99533
147.79982	31.79032	97.17793	363.97333
147.89983	31.30779	98.35281	364.95233
147.99983	30.82275	99.51943	365.93234
148.09984	30.33537	100.67767	366.91333
148.19984	29.84585	101.82741	367.89532
148.29985	29.3544	102.9685	368.87833
148.39986	28.8612	104.10082	369.86234
148.49986	28.36646	105.22426	370.84732
148.59987	27.87037	106.33868	371.83331
148.69987	27.37313	107.44395	372.82031
148.79988	26.87495	108.53996	373.80832
148.89989	26.37601	109.62657	374.79733
148.99989	25.87652	110.70367	375.78732
149.0999	25.37667	111.77114	376.77832
149.19991	24.87668	112.82886	377.77032
149.29991	24.37674	113.8767	378.76334
149.39992	23.87704	114.91455	379.75732
149.49992	23.37779	115.94228	380.75232
149.59993	22.87919	116.95979	381.74832
149.69994	22.38144	117.96696	382.74533
149.79994	21.88473	118.96366	383.74332
149.89995	21.38927	119.94978	384.74231
149.99995	20.89525	120.92522	385.74231
150.09996	20.40288	121.88985	386.74332
150.19997	19.91234	122.84357	387.74533
150.29997	19.42384	123.78627	388.74832
150.39998	18.93757	124.71783	389.75232
150.49998	18.45372	125.63815	390.75732
150.59999	17.97249	126.54712	391.76334
150.7	17.49407	127.44463	392.77032
150.8	17.01865	128.33057	393.77832
150.90001	16.54642	129.20485	394.78732
151.00002	16.07758	130.06735	395.79733
151.10002	15.6123	130.91798	396.80832
151.20003	15.15078	131.75664	397.82031
151.30003	14.6932	132.58321	398.83331
151.40004	14.23974	133.39761	399.84732
151.50005	13.79058	134.19974	400.86234
151.60005	13.34591	134.98949	401.87833
151.70006	12.90589	135.76677	402.89532
151.80006	12.47072	136.53149	403.91333
151.90007	12.04055	137.28355	404.93234
152.00008	11.61557	138.02287	405.95233
152.10008	11.19595	138.74934	406.97333
152.20009	10.78184	139.46289	407.99533
152.30009	10.37342	140.16342	409.01834
152.4001	9.97085	140.85085	410.04233
152.50011	9.5743	141.52507	411.06732
152.60011	9.18391	142.186	412.09332
152.70012	8.79985	142.83359	413.12033
152.80013	8.42227	143.46771	414.14835
152.90013	8.05132	144.08832	415.17734
153.00014	7.68715	144.69531	416.20734
153.10014	7.3299	145.28862	417.23834
153.20015	6.97972	145.86816	418.27036
153.30016	6.63675	146.43387	419.30334
153.40016	6.30113	146.98566	420.33734
153.50017	5.97298	147.52345	421.37234
153.60017	5.65245	148.04718	422.40836
153.70018	5.33965	148.55678	423.44534
153.80019	5.03472	149.05217	424.48334
153.90019	4.73777	149.53328	425.52234
154.0002	4.44893	150.00006	426.56235
154.1002	4.16831	150.45242	427.60336
154.20021	3.89602	150.89032	428.64536
154.30022	3.63218	151.31369	429.68835
154.40022	3.37688	151.72246	430.73236
154.50023	3.13023	152.11658	431.77737
154.60023	2.89232	152.49597	432.82336
154.70024	2.66326	152.8606	433.87036
154.80025	2.44314	153.2104	434.91837
154.90025	2.23204	153.54532	435.96738
155.00026	2.03004	153.86531	437.01736
155.10027	1.83724	154.1703	438.06836
155.20027	1.65369	154.46027	439.12036
155.30028	1.47949	154.73514	440.17337
155.40028	1.3147	154.99489	441.22739
155.50029	1.15938	155.23946	442.28238
155.6003	1.01359	155.4688	443.33838
155.7003	0.8774	155.68288	444.39539
155.80031	0.75086	155.88165	445.4534
155.90031	0.63402	156.06508	446.51239
156.00032	0.52692	156.23312	447.57239
156.10033	0.42962	156.38574	448.63339
156.20033	0.34214	156.52292	449.6954
156.30034	0.26453	156.64459	450.75839
156.40034	0.19681	156.75075	451.82239
156.50035	0.13901	156.84135	452.88739
156.60036	0.09115	156.91638	453.9534
156.70036	0.05326	156.9758	455.02042
156.80037	0.02535	157.01958	456.08841
156.90038	0.00743	157.0477	457.15741
157.00038	-0.00049	157.06013	458.22742
157.10039	0.00158	157.05687	459.29843
157.20039	0.01366	157.03789	460.37042
157.3004	0.03573	157.00316	461.44342
157.40041	0.06778	156.95268	462.51743
157.50041	0.10981	156.88643	463.59244
157.60042	0.1618	156.80438	464.66846
157.70042	0.22372	156.70654	465.74545
157.80043	0.29555	156.5929	466.82346
157.90044	0.37726	156.46344	467.90247
158.00044	0.46882	156.31816	468.98248
158.10045	0.57019	156.15704	470.06348
158.20045	0.68134	155.9801	471.14548
158.30046	0.80221	155.78732	472.22849
158.40047	0.93277	155.5787	473.3125
158.50047	1.07295	155.35426	474.39749
158.60048	1.2227	155.11398	475.48349
158.70049	1.38196	154.85788	476.5705
158.80049	1.55067	154.58595	477.65851
158.9005	1.72876	154.29822	478.74753
159.0005	1.91615	153.99467	479.83752
159.10051	2.11278	153.67534	480.92853
159.20052	2.31857	153.34023	482.02054
159.30052	2.53343	152.98933	483.11356
159.40053	2.75727	152.6227	484.20755
159.50053	2.99001	152.24033	485.30255
159.60054	3.23156	151.84224	486.39856
159.70055	3.48181	151.42845	487.49557
159.80055	3.74067	150.99899	488.59357
159.90056	4.00804	150.55388	489.69257
160.00056	4.2838	150.09314	490.79257
160.10057	4.56784	149.61681	491.89359
160.20058	4.86006	149.12491	492.99561
160.30058	5.16034	148.61748	494.0986
160.40059	5.46855	148.09453	495.20261
160.5006	5.78458	147.55611	496.30762
160.6006	6.10829	147.00224	497.41364
160.70061	6.43955	146.43298	498.52063
160.80061	6.77824	145.84836	499.62863
160.90062	7.12422	145.24841	500.73764
161.00063	7.47735	144.63318	501.84766
161.10063	7.83749	144.0027	502.95865
161.20064	8.20449	143.35704	504.07065
161.30064	8.57821	142.69623	505.18365
161.40065	8.9585	142.02031	506.29767
161.50066	9.34521	141.32935	507.41269
161.60066	9.73818	140.62338	508.52869
161.70067	10.13725	139.90247	509.64569
161.80067	10.54226	139.16666	510.7637
161.90068	10.95306	138.41602	511.88272
162.00069	11.36948	137.65059	513.00275
162.10069	11.79135	136.87044	514.12378
162.2007	12.2185	136.07564	515.24579
162.3007	12.65077	135.26624	516.36877
162.40071	13.08797	134.44229	517.4928
162.50072	13.52994	133.60388	518.6178
162.60072	13.9765	132.75107	519.74384
162.70073	14.42746	131.88391	520.87085
162.80074	14.88266	131.0025	521.99884
162.90074	15.3419	130.10689	523.12787
163.00075	15.805	129.19716	524.25787
163.10075	16.27178	128.27338	525.38885
163.20076	16.74205	127.33562	526.52087
163.30077	17.21563	126.38399	527.65387
163.40077	17.69232	125.41853	528.7879
163.50078	18.17193	124.43934	529.92291
163.60078	18.65427	123.4465	531.0589
163.70079	19.13914	122.44009	532.19592
163.8008	19.62637	121.42019	533.33392
163.9008	20.11574	120.38689	534.47296
164.00081	20.60706	119.34029	535.61298
164.10081	21.10014	118.28047	536.75397
164.20082	21.59478	117.20752	537.896
164.30083	22.09078	116.12153	539.039
164.40083	22.58795	115.02259	540.18298
164.50084	23.08607	113.9108	541.328
164.60085	23.58497	112.78627	542.474
164.70085	24.08443	111.64908	543.62103
164.80086	24.58425	110.49934	544.76904
164.90086	25.08424	109.33714	545.91803
165.00087	25.58419	108.16258	547.06805
165.10088	26.08391	106.97578	548.21906
165.20088	26.5832	105.77683	549.37109
165.30089	27.08185	104.56585	550.52411
165.40089	27.57967	103.34293	551.6781
165.5009	28.07646	102.10819	552.83313
165.60091	28.57201	100.86174	553.98914
165.70091	29.06613	99.60369	555.14612
165.80092	29.55863	98.33415	556.30414
165.90092	30.0493	97.05324	557.46313
166.00093	30.53795	95.76107	558.62317
166.10094	31.02439	94.45776	559.78418
166.20094	31.50841	93.14342	560.94617
166.30095	31.98983	91.81819	562.10919
166.40096	32.46846	90.48217	563.27319
166.50096	32.94409	89.13548	564.43823
166.60097	33.41655	87.77826	565.60425
166.70097	33.88564	86.41062	566.77124
166.80098	34.35117	85.03269	567.93927
166.90099	34.81296	83.6446	569.10828
167.00099	35.27082	82.24648	570.27826
167.101	35.72458	80.83844	571.44928
167.201	36.17404	79.42063	572.62128
167.30101	36.61903	77.99318	573.79431
167.40102	37.05938	76.55621	574.96832
167.50102	37.4949	75.10986	576.14331
167.60103	37.92542	73.65427	577.31934
167.70103	38.35077	72.18958	578.49634
167.80104	38.77078	70.7159	579.67438
167.90105	39.18528	69.2334	580.85339
168.00105	39.5941	67.7422	582.03339
168.10106	39.99708	66.24243	583.21442
168.20107	40.39407	64.73426	584.39642
168.30107	40.78489	63.21782	585.57941
168.40108	41.1694	61.69324	586.76343
168.50108	41.54744	60.16068	587.94843
168.60109	41.91886	58.62027	589.13446
168.7011	42.28351	57.07217	590.32147
168.8011	42.64124	55.51652	591.50946
168.90111	42.99192	53.95347	592.69849
169.00111	43.3354	52.38317	593.88849
169.10112	43.67154	50.80577	595.07953
169.20113	44.00022	49.22142	596.27155
169.30113	44.32129	47.63026	597.46454
169.40114	44.63463	46.03246	598.65857
169.50114	44.94012	44.42817	599.85358
169.60115	45.23763	42.81753	601.04956
169.70116	45.52704	41.20071	602.24658
169.80116	45.80824	39.57786	603.44458
169.90117	46.08111	37.94913	604.64362
170.00117	46.34555	36.31469	605.84363
170.10118	46.60146	34.67469	607.04462
170.20119	46.84872	33.02929	608.24664
170.30119	47.08723	31.37865	609.44965
170.4012	47.31692	29.72293	610.65369
170.50121	47.53767	28.06229	611.8587
170.60121	47.74941	26.39689	613.0647
170.70122	47.95205	24.72689	614.27173
170.80122	48.1455	23.05247	615.47974
170.90123	48.32969	21.37377	616.68872
171.00124	48.50455	19.69097	617.89874
171.10124	48.67001	18.00423	619.10974
171.20125	48.82599	16.31371	620.32178
171.30125	48.97245	14.61959	621.53479
171.40126	49.10931	12.92202	622.74878
171.50127	49.23653	11.22118	623.96381
171.60127	49.35405	9.51723	625.17981
171.70128	49.46183	7.81033	626.39685
171.80128	49.55982	6.10067	627.61487
171.90129	49.64799	4.38841	628.83386
172.0013	49.72629	2.67371	630.05389
172.1013	49.7947	0.95675	631.2749
172.20131	49.8532	-0.76231	632.49689
172.30132	49.90175	-2.48329	633.71991
172.40132	49.94034	-4.20601	634.94391
172.50133	49.96895	-5.93032	636.16895
172.60133	49.98758	-7.65603	637.39496
172.70134	49.9962	-9.38298	638.62195
172.80135	49.99483	-11.11099	639.84998
172.90135	49.98345	-12.8399	641.07898
173.00136	49.96208	-14.56951	642.30902
173.10136	49.93073	-16.29967	643.54004
173.20137	49.8894	-18.03021	644.77203
173.30138	49.83811	-19.76093	646.00507
173.40138	49.77688	-21.49168	647.23907
173.50139	49.70575	-23.22228	648.47406
173.60139	49.62473	-24.95255	649.71008
173.7014	49.53385	-26.68231	650.94708
173.80141	49.43316	-28.4114	652.18512
173.90141	49.3227	-30.13964	653.42413
174.00142	49.20251	-31.86685	654.66412
174.10143	49.07263	-33.59286	655.90515
174.20143	48.93312	-35.31749	657.14716
174.30144	48.78404	-37.04057	658.3902
174.40144	48.62544	-38.76192	659.63422
174.50145	48.45739	-40.48137	660.87921
174.60146	48.27996	-42.19874	662.12524
174.70146	48.09321	-43.91386	663.37225
174.80147	47.89723	-45.62655	664.62024
174.90147	47.69208	-47.33663	665.86926
175.00148	47.47786	-49.04393	667.11926
175.10149	47.25464	-50.74828	668.3703
175.20149	47.02252	-52.4495	669.62231
175.3015	46.78159	-54.14742	670.87531
175.4015	46.53194	-55.84185	672.12933
175.50151	46.27368	-57.53263	673.38434
175.60152	46.0069	-59.21958	674.64038
175.70152	45.73173	-60.90253	675.8974
175.80153	45.44826	-62.5813	677.1554
175.90154	45.1566	-64.25572	678.41443
176.00154	44.85689	-65.92561	679.67444
176.10155	44.54923	-67.59081	680.93542
176.20155	44.23375	-69.25114	682.19745
176.30156	43.91058	-70.90642	683.46045
176.40157	43.57983	-72.55649	684.72449
176.50157	43.24166	-74.20116	685.9895
176.60158	42.89618	-75.84029	687.25549
176.70158	42.54355	-77.47367	688.52252
176.80159	42.1839	-79.10116	689.79053
176.9016	41.81737	-80.72257	691.05957
177.0016	41.44411	-82.33774	692.32959
177.10161	41.06428	-83.9465	693.60059
177.20161	40.67802	-85.54867	694.87262
177.30162	40.28549	-87.14409	696.14563
177.40163	39.88684	-88.73259	697.41962
177.50163	39.48223	-90.31401	698.69464
177.60164	39.07183	-91.88818	699.97064
177.70164	38.6558	-93.45492	701.24768
177.80165	38.23431	-95.01408	702.5257
177.90166	37.80752	-96.56548	703.80469
178.00166	37.37561	-98.10897	705.08472
178.10167	36.93874	-99.64438	706.36572
178.20168	36.4971	-101.17154	707.64777
178.30168	36.05087	-102.69029	708.93079
178.40169	35.6002	-104.20047	710.21478
178.50169	35.1453	-105.70192	711.49982
178.6017	34.68634	-107.19447	712.78583
178.70171	34.2235	-108.67797	714.07281
178.80171	33.75697	-110.15226	715.36084
178.90172	33.28694	-111.61717	716.64984
179.00172	32.81359	-113.07256	717.93988
179.10173	32.33711	-114.51826	719.2309
179.20174	31.8577	-115.95411	720.52289
179.30174	31.37555	-117.37997	721.81592
179.40175	30.89084	-118.79567	723.10992
179.50175	30.40377	-120.20107	724.40497
179.60176	29.91455	-121.596	725.70099
179.70177	29.42335	-122.98032	726.99799
179.80177	28.93039	-124.35388	728.29602
179.90178	28.43585	-125.71652	729.59503
180.00179	27.93994	-127.0681	730.89502
180.10179	27.44285	-128.40846	732.19604
180.2018	26.94478	-129.73747	733.49805
180.3018	26.44594	-131.05498	734.80109
180.40181	25.94651	-132.36082	736.1051
180.50182	25.4467	-133.65488	737.4101
180.60182	24.94672	-134.937	738.71613
180.70183	24.44676	-136.20703	740.02313
180.80183	23.94701	-137.46484	741.33118
180.90184	23.44769	-138.7103	742.6402
181.00185	22.94899	-139.94324	743.9502
181.10185	22.45111	-141.16354	745.26123
181.20186	21.95424	-142.37108	746.57324
181.30186	21.45859	-143.56569	747.88623
181.40187	20.96436	-144.74725	749.20026
181.50188	20.47175	-145.91565	750.51526
181.60188	19.98094	-147.07072	751.8313
181.70189	19.49214	-148.21236	753.14832
181.8019	19.00554	-149.34042	754.46631
181.9019	18.52134	-150.45479	755.78534
182.00191	18.03973	-151.55531	757.10535
182.10191	17.56091	-152.64189	758.42639
182.20192	17.08506	-153.71439	759.74841
182.30193	16.61237	-154.77267	761.07141
182.40193	16.14304	-155.81664	762.39545
182.50194	15.67726	-156.84616	763.72046
182.60194	15.2152	-157.86111	765.04651
182.70195	14.75705	-158.86139	766.37354
182.80196	14.303	-159.84686	767.70154
182.90196	13.85323	-160.81741	769.03058
183.00197	13.40792	-161.77293	770.3606
183.10197	12.96724	-162.71332	771.69159
183.20198	12.53138	-163.63844	773.02362
183.30199	12.1005	-164.54822	774.35663
183.40199	11.67479	-165.44252	775.69067
183.502	11.2544	-166.32124	777.0257
183.60201	10.83951	-167.18428	778.36169
183.70201	10.43029	-168.03152	779.69873
183.80202	10.02689	-168.86288	781.03674
183.90202	9.62948	-169.67825	782.37579
184.00203	9.23822	-170.47752	783.71582
184.10204	8.85326	-171.2606	785.05682
184.20204	8.47476	-172.0274	786.39886
184.30205	8.10288	-172.77782	787.74188
184.40205	7.73775	-173.51176	789.08588
184.50206	7.37952	-174.22914	790.43091
184.60207	7.02835	-174.92987	791.77692
184.70207	6.68436	-175.61385	793.12396
184.80208	6.34769	-176.28099	794.47198
184.90208	6.01849	-176.93123	795.82098
185.00209	5.69689	-177.56445	797.17102
185.1021	5.383	-178.1806	798.52203
185.2021	5.07696	-178.77959	799.87408
185.30211	4.77888	-179.36133	801.22711
185.40211	4.4889	-179.92575	802.58112
185.50212	4.20712	-180.47278	803.93616
185.60213	3.93366	-181.00235	805.29218
185.70213	3.66862	-181.51437	806.64917
185.80214	3.41212	-182.00879	808.0072
185.90215	3.16425	-182.48552	809.36621
186.00215	2.92512	-182.9445	810.72626
186.10216	2.69482	-183.38568	812.08728
186.20216	2.47343	-183.80898	813.44928
186.30217	2.26106	-184.21434	814.81232
186.40218	2.05779	-184.6017	816.17633
186.50218	1.86369	-184.97101	817.54138
186.60219	1.67885	-185.3222	818.90741
186.70219	1.50333	-185.65524	820.27441
186.8022	1.33721	-185.97006	821.64246
186.90221	1.18056	-186.2666	823.01147
187.00221	1.03344	-186.54482	824.38147
187.10222	0.8959	-186.80467	825.7525
187.20222	0.768	-187.04611	827.12451
187.30223	0.6498	-187.26909	828.49756
187.40224	0.54134	-187.47357	829.87158
187.50224	0.44266	-187.65952	831.24658
187.60225	0.3538	-187.82687	832.62262
187.70226	0.27481	-187.97562	833.99963
187.80226	0.2057	-188.10571	835.37769
187.90227	0.14651	-188.21713	836.75671
188.00227	0.09726	-188.30983	838.13672
188.10228	0.05797	-188.38379	839.51776
188.20229	0.02866	-188.43898	840.89978
188.30229	0.00934	-188.47537	842.28278
188.4023	0.00002	-188.49294	843.66681
188.5023	0.00069	-188.49167	845.05182
188.60231	0.01137	-188.47154	846.43787
188.70232	0.03204	-188.43253	847.82489
188.80232	0.06269	-188.37462	849.21289
188.90233	0.10333	-188.29779	850.60193
189.00233	0.15392	-188.20204	851.99194
189.10234	0.21445	-188.08737	853.383
189.20235	0.28489	-187.95375	854.77502
189.30235	0.36522	-187.80119	856.16803
189.40236	0.4554	-187.62967	857.56207
189.50237	0.55541	-187.43919	858.95709
189.60237	0.66519	-187.22977	860.35309
189.70238	0.7847	-187.00139	861.75012
189.80238	0.9139	-186.75406	863.14813
189.90239	1.05274	-186.48778	864.54718
190.0024	1.20115	-186.20256	865.9472
190.1024	1.35908	-185.89841	867.34821
190.20241	1.52647	-185.57533	868.75024
190.30241	1.70325	-185.23335	870.15326
190.40242	1.88935	-184.87248	871.55731
190.50243	2.08469	-184.49272	872.96234
190.60243	2.2892	-184.09412	874.36835
190.70244	2.50279	-183.67667	875.77539
190.80244	2.72538	-183.2404	877.18341
190.90245	2.95688	-182.78534	878.59241
191.00246	3.1972	-182.31151	880.00244
191.10246	3.44624	-181.81894	881.41345
191.20247	3.7039	-181.30766	882.8255
191.30247	3.97008	-180.77771	884.23853
191.40248	4.24467	-180.22913	885.65253
191.50249	4.52756	-179.66193	887.06757
191.60249	4.81864	-179.07616	888.48358
191.7025	5.1178	-178.47186	889.90063
191.80251	5.42491	-177.84908	891.31866
191.90251	5.73984	-177.20784	892.73767
192.00252	6.06248	-176.54822	894.15771
192.10252	6.3927	-175.87024	895.57874
192.20253	6.73036	-175.17395	897.00073
192.30254	7.07532	-174.45941	898.42377
192.40254	7.42746	-173.72667	899.84778
192.50255	7.78663	-172.97578	901.27283
192.60255	8.15268	-172.20682	902.69885
192.70256	8.52547	-171.41982	904.12585
192.80257	8.90484	-170.61485	905.55389
192.90257	9.29066	-169.79198	906.98291
193.00258	9.68276	-168.95126	908.41296
193.10258	10.08099	-168.09277	909.84399
193.20259	10.48518	-167.21657	911.276
193.3026	10.89518	-166.32272	912.70905
193.4026	11.31082	-165.41132	914.14307
193.50261	11.73194	-164.48242	915.57806
193.60262	12.15836	-163.5361	917.0141
193.70262	12.58992	-162.57245	918.45111
193.80263	13.02644	-161.59154	919.88916
193.90263	13.46775	-160.59343	921.32819
194.00264	13.91368	-159.57823	922.76819
194.10265	14.36404	-158.54602	924.20923
194.20265	14.81865	-157.49689	925.65125
194.30266	15.27733	-156.43091	927.0943
194.40266	15.73991	-155.34818	928.53833
194.50267	16.20618	-154.24879	929.98334
194.60268	16.67598	-153.13284	931.42938
194.70268	17.1491	-152.00043	932.8764
194.80269	17.62536	-150.85164	934.3244
194.90269	18.10458	-149.68657	935.77344
195.0027	18.58655	-148.50533	937.22345
195.10271	19.07108	-147.30801	938.6745
195.20271	19.55799	-146.09474	940.12653
195.30272	20.04707	-144.8656	941.57953
195.40273	20.53813	-143.62071	943.03357
195.50273	21.03098	-142.36017	944.48859
195.60274	21.52541	-141.08409	945.94464
195.70274	22.02123	-139.7926	947.40167
195.80275	22.51825	-138.48581	948.85968
195.90276	23.01625	-137.16382	950.31873
196.00276	23.51505	-135.82675	951.77875
196.10277	24.01444	-134.47473	953.23975
196.20277	24.51423	-133.10788	954.70178
196.30278	25.0142	-131.72632	956.16479
196.40279	25.51418	-130.33017	957.62885
196.50279	26.01394	-128.91956	959.09387
196.6028	26.5133	-127.49461	960.55988
196.7028	27.01205	-126.05545	962.02692
196.80281	27.51	-124.60222	963.49493
196.90282	28.00694	-123.13504	964.96399
197.00282	28.50268	-121.65405	966.43402
197.10283	28.99702	-120.15939	967.90503
197.20284	29.48976	-118.65118	969.37708
197.30284	29.9807	-117.12958	970.8501
197.40285	30.46964	-115.59471	972.3241
197.50285	30.9564	-114.04672	973.79913
197.60286	31.44077	-112.48576	975.27515
197.70287	31.92257	-110.91196	976.7522
197.80287	32.4016	-109.32546	978.23022
197.90288	32.87766	-107.72643	979.70923
198.00288	33.35057	-106.115	981.18927
198.10289	33.82014	-104.49133	982.67029
198.2029	34.28618	-102.85556	984.15234
198.3029	34.74851	-101.20785	985.63538
198.40291	35.20694	-99.54835	987.11938
198.50291	35.66128	-97.87721	988.60443
198.60292	36.11135	-96.1946	990.09045
198.70293	36.55698	-94.50067	991.57745
198.80293	36.99799	-92.79559	993.06549
198.90294	37.4342	-91.0795	994.5545
199.00294	37.86543	-89.35257	996.04456
199.10295	38.29151	-87.61497	997.53558
199.20296	38.71228	-85.86685	999.02759
199.30296	39.12756	-84.10839	1000.52063
199.40297	39.53718	-82.33974	1002.01465
199.50298	39.94099	-80.56109	1003.5097
199.60298	40.33883	-78.77259	1005.00574
199.70299	40.73053	-76.97442	1006.50275
199.80299	41.11593	-75.16674	1008.00079
199.903	41.49488	-73.34973	1009.49982
